Summary of the spectum NH3_Line_2928_nm: 
	 lower: 2927.5 [nm] 
	 upper: 2929 [nm] 
Gas cell 1: 
	 length: 2 cm | temp: 296 K|pressure: 0.05 atm|diluent: {'air': 1} 
	 Gasses: 
	 	 NH3: 0.06 

 wavelenth [nm] 	 absorption
2927.5172579828354	2.62843146137115e-07
2927.5258283652215	1.0645680537102464e-07
2927.534398797787	1.2748068156653858e-07
2927.5429692805337	8.741320719485302e-07
2927.551539813461	1.1263117460913463e-06
2927.5601103965705	2.247683075773388e-06
2927.568681029861	5.198795467120654e-06
2927.577251713335	5.453415332312694e-06
2927.585822446991	9.14949566732659e-06
2927.5943932308305	3.4770384255145004e-06
2927.6029640648535	1.9056761515479081e-06
2927.611534949061	2.2481362739190658e-06
2927.620105883453	2.3645121053350593e-06
2927.62867686803	2.585741162408617e-06
2927.6372479027923	2.8882089437853864e-06
2927.6458189877408	3.2767860485005684e-06
2927.654390122875	3.770868964525498e-06
2927.662961308197	4.404009048220026e-06
2927.6715325437053	5.2294792908247345e-06
2927.680103829402	1.4777092338547071e-05
2927.6886751652864	1.6978783935361896e-05
2927.6972465513595	1.993456247872949e-05
2927.7058179876212	2.4133821060146055e-05
2927.714389474073	3.059257920423608e-05
2927.7229610107142	4.175707918174787e-05
2927.731532597546	6.499148088168205e-05
2927.7401042345687	0.0001333920306156866
2927.7486759217823	0.000547637984807281
2927.7572476591877	0.0017671843137948562
2927.7658194467845	0.0006234532879407784
2927.774391284575	0.0001594316918943628
2927.782963172557	9.502968743868578e-05
2927.7915351107335	8.029260443520592e-05
2927.8001070991036	8.60379419895807e-05
2927.808679137668	0.000115088850551337
2927.817251226427	0.00022618240742999784
2927.8258233653814	0.0007291625093706067
2927.834395554531	0.0007711184741057142
2927.842967793877	0.00028552514940982654
2927.8515400834194	0.00021060735112854445
2927.8601124231586	0.00024204814826322973
2927.868684813095	0.00033715784869015053
2927.87725725323	0.0005486146634237077
2927.8858297435627	0.0011079770225055352
2927.894402284094	0.0034051398852168457
2927.9029748748244	0.0125633808022666
2927.9115475157546	0.009970728822970343
2927.920120206885	0.0024911181640023816
2927.9286929482155	0.0009507881045662803
2927.937265739747	0.0005603032760626014
2927.94583858148	0.0005102347918030103
2927.954411473415	0.0012206642476275675
2927.9629844155515	0.003972622132501047
2927.971557407891	0.0016339899889113996
2927.9801304504335	0.0004181803452470989
2927.98870354318	0.0002301285242789497
2927.9972766861297	0.0001705739217403579
2928.0058498792846	0.00014466147046732214
2928.0144231226436	0.00013274934799911708
2928.0229964162086	0.0001285389406908699
2928.031569759979	0.00012959773666099128
2928.040143153956	0.00013500860877335707
2928.048716598139	0.0001446458871334766
2928.0572900925295	0.00016702951965708035
2928.065863637127	0.0001881255195531617
2928.074437231933	0.00021863072024830288
2928.0830108769474	0.00025497126480833465
2928.0915845721706	0.0003058347399151895
2928.1001583176026	0.0003802079003333292
2928.108732113245	0.0004907528500612823
2928.117305959097	0.0006648839898706349
2928.12587985516	0.0009686421799495193
2928.1344538014337	0.001633435471267819
2928.1430277979193	0.0028829360817891336
2928.151601844617	0.006708032006154885
2928.160175941526	0.027172466655442262
2928.1687500886487	0.05409294123632569
2928.177324285984	0.018251211757116748
2928.185898533534	0.008703341776267526
2928.194472831297	0.006061552060246056
2928.2030471792755	0.0020026170339674243
2928.211621577468	0.0011231287904133191
2928.220196025877	0.0008064471027637854
2928.228770524501	0.0006628491484146348
2928.237345073342	0.0006166918036291102
2928.2459196723994	0.000662559072007074
2928.2544943216744	0.0008636071985078653
2928.2630690211668	0.0015204817141817317
2928.2716437708773	0.0045988005770110085
2928.280218570806	0.014133739816801993
2928.2887934209543	0.008098985206826725
2928.2973683213218	0.0021635225564088367
2928.305943271909	0.0010198712390662168
2928.3145182727167	0.000677965659234947
2928.323093323745	0.0005516953259762092
2928.3316684249944	0.0005155731593338153
2928.340243576466	0.000536963379082156
2928.348818778159	0.000615553407524505
2928.357394030075	0.0008332898219174378
2928.365969332214	0.0011597825581947108
2928.3745446845755	0.0018861187631062926
2928.383120087162	0.004012282728138472
2928.391695539972	0.014326895901495384
2928.4002710430073	0.04394253372984813
2928.408846596267	0.020477867285950024
2928.4174221997528	0.005033102696564762
2928.425997853464	0.0022348220737968827
2928.434573557403	0.0013993763184214636
2928.4431493115676	0.0010731288098505543
2928.4517251159605	0.0009517471329273386
2928.4603009705806	0.000947185664402217
2928.468876875429	0.0010415009836393097
2928.477452830506	0.0012769742692371189
2928.4860288358127	0.0017196743529274139
2928.4946048913484	0.0024784660190166896
2928.5031809971147	0.004516339594607177
2928.511757153111	0.012767491285444521
2928.5203333593386	0.05272760740873883
2928.5289096157967	0.04807939027573804
2928.5374859224876	0.012894944238517891
2928.54606227941	0.008327138327187567
2928.5546386865653	0.014527477518118004
2928.5632151439536	0.06163503843468332
2928.5717916515755	0.10451578168288778
2928.580368209432	0.027046181746459452
2928.588944817522	0.007704679616564736
2928.5975214758473	0.0036844519200863735
2928.6060981844075	0.0022006254165183314
2928.614674943204	0.0014797975134287489
2928.6232517522362	0.0010484402255610537
2928.6318286115056	0.0008014186652999244
2928.6404055210114	0.0006321174473045144
2928.6489824807554	0.0005130939545543445
2928.6575594907367	0.00042617498954378163
2928.666136550957	0.00036075492134535203
2928.674713661416	0.0003103475597618921
2928.683290822114	0.0002707916712595404
2928.691868033052	0.00023932349427913113
2928.70044529423	0.0002140619787356357
2928.7090226056484	0.00019370816914288103
2928.717599967308	0.00017741279432170742
2928.7261773792093	0.00016427920468387036
2928.7347548413527	0.0001541816340605573
2928.743332353738	0.00011368558716151611
2928.7519099163665	0.00011170731210552454
2928.7604875292377	0.00011262569548753376
2928.769065192353	0.00011728284886647344
2928.7776429057126	0.00012755946596476608
2928.7862206693167	0.00014867424643916216
2928.794798483166	0.00016105303429791995
2928.80337634726	0.00042701822283608415
2928.8119542616005	0.0003965570393673623
2928.820532226187	0.0004229558468197281
2928.8291102410203	0.0008295113502230222
2928.837688306101	0.002609941452609732
2928.8462664214294	0.010176467271319267
2928.8548445870056	0.007967145087358185
2928.863422802831	0.0018674456691427643
2928.872001068905	0.0006714902677381618
2928.8805793852284	0.00034449675037873106
2928.8891577518016	0.00020975802757228212
2928.897736168625	0.0001412017346654748
2928.9063146356993	0.0001015651604814316
2928.9148931530253	7.658586168879378e-05
2928.9234717206023	5.984655507851322e-05
2928.932050338432	4.820731111854215e-05
2928.9406290065135	3.980833069405776e-05
2928.9492077248483	3.3040050852251035e-05
2928.9577864934363	2.7980062352717106e-05
2928.9663653122784	2.4113402676606555e-05
2928.9749441813747	2.1409089314583518e-05
2928.983523100726	1.978131478075351e-05
