Summary of the spectum Methane_Line_3270_nm: 
	 lower: 3270.0 [nm] 
	 upper: 3271.0 [nm] 
Gas cell 0: 
	 length: 10 cm | temp: 296 K|pressure: 1 atm|gas matrix: {'air': 0.9998, 'self': 0.0002} 
	 Gasses (VMR): 
	 	 CH4: 0.0002 

 wavelenth [nm] 	 absorption
3270.060157795765	0.0040837191171047005
3270.0622964558506	0.004132696232751476
3270.064435118734	0.004182553725315841
3270.0665737844147	0.00423331272383487
3270.0687124528927	0.0042849950849094265
3270.0708511241687	0.004337623417771774
3270.0729897982415	0.00439122110037371
3270.075128475112	0.004445812288268458
3270.0772671547797	0.004501421919102078
3270.0794058372453	0.004558075716587395
3270.081544522508	0.0046158001973276575
3270.0836832105683	0.004674622683003671
3270.085821901426	0.004734571319194303
3270.0879605950813	0.0047956751009359255
3270.090099291534	0.004857963904284945
3270.0922379907843	0.0049214685227205734
3270.094376692832	0.004986220707042577
3270.096515397677	0.005052253207879276
3270.0986541053203	0.005119599819695786
3270.10079281576	0.0051882954218011035
3270.102931528998	0.005258376040449542
3270.1050702450334	0.005329878846024982
3270.107208963866	0.005402842317377199
3270.1093476854967	0.005477306141664862
3270.111486409925	0.005553311357382018
3270.1136251371504	0.005630900384368087
3270.1157638671734	0.005710117078313259
3270.1179025999936	0.005791006787762898
3270.120041335612	0.005873616414392324
3270.1221800740277	0.005957994476991191
3270.1243188152407	0.006044191179723879
3270.126457559252	0.006132258483054431
3270.12859630606	0.006222250190600409
3270.1307350556663	0.006314222019677129
3270.13287380807	0.006408231699267741
3270.1350125632716	0.00650433906184289
3270.1371513212703	0.006602606141968725
3270.139290082067	0.006703097277900638
3270.141428845661	0.006805879214969779
3270.1435676120527	0.006911021208829693
3270.145706381242	0.007018595126601523
3270.147845153229	0.007128675543927265
3270.1499839280136	0.007241339836074445
3270.152122705596	0.007356668261529364
3270.154261485976	0.0074747440366650375
3270.1564002691534	0.007595653400950031
3270.158539055129	0.007719485671503934
3270.160677843902	0.007846333286855467
3270.162816635472	0.007976291839207339
3270.1649554298406	0.0081094600945818
3270.1670942270066	0.00824593999689427
3270.1692330269702	0.008385836673328595
3270.1713718297315	0.008529258395812533
3270.1735106352908	0.00867631655552159
3270.1756494436477	0.008827125608811492
3270.177788254802	0.008981803012989786
3270.1799270687543	0.009140469152359443
3270.182065885504	0.0093032435611623
3270.184204705052	0.009470259256968983
3270.186343527397	0.009641641744783436
3270.18848235254	0.009817522524208089
3270.1906211804812	0.009998035888611811
3270.19276001122	0.010183319072807673
3270.1948988447566	0.0103735124331783
3270.197037681091	0.010568759998388577
3270.1991765202224	0.010769209971806526
3270.2013153621524	0.010975015562398882
3270.2034542068795	0.011186336015281628
3270.2055930544047	0.011403337868800545
3270.207731904728	0.011626196422153567
3270.209870757849	0.011855097376708978
3270.2120096137673	0.012090238592854963
3270.2141484724843	0.012331831885364242
3270.2162873339985	0.012580104766558464
3270.2184261983107	0.012835302042898289
3270.2205650654205	0.013097687174291717
3270.222703935328	0.013367543323744457
3270.224842808034	0.013645174049660147
3270.226981683537	0.013930903625609448
3270.229120561838	0.014225077006446707
3270.2312594429372	0.0145280594910413
3270.233398326834	0.01484023615635044
3270.2355372135294	0.015162011152278443
3270.2376761030223	0.015493806805084387
3270.239814995313	0.01583606347040223
3270.241953890401	0.016189238112925386
3270.2440927882876	0.016553804399902727
3270.2462316889714	0.016930252328770434
3270.2483705924537	0.017319088183585074
3270.2505094987337	0.01772083468163632
3270.2526484078116	0.018136031288255028
3270.2547873196877	0.018565234650416484
3270.2569262343613	0.019009017335389733
3270.259065151833	0.01946797531904909
3270.261204072103	0.019942721912451056
3270.26334299517	0.020433881411511368
3270.2654819210356	0.020942108570954354
3270.267620849699	0.021468074971906392
3270.2697597811602	0.02201247297174147
3270.2718987154194	0.02257601591409153
3270.2740376524766	0.02315943820311095
3270.2761765923324	0.023763495230523568
3270.2783155349857	0.024388963142207176
3270.2804544804367	0.025036638429412172
3270.282593428686	0.02570733731558117
3270.284732379733	0.02640189489976963
3270.2868713335783	0.027121163994546338
3270.289010290221	0.027866013572311443
3270.2911492496623	0.028637327135515922
3270.2932882119017	0.029435998244959127
3270.295427176939	0.030262929694127805
3270.2975661447745	0.03111902719688131
3270.2997051154075	0.0320051941661188
3270.3018440888386	0.03292232469206846
3270.3039830650678	0.03387129502350239
3270.3061220440954	0.03485295342926176
3270.3082610259207	0.035868108356592154
3270.310400010544	0.03691751484322958
3270.3125389979655	0.03800185918077359
3270.314677988185	0.03912174186653805
3270.316816981203	0.04027765904382907
3270.318955977019	0.04146998180110484
3270.3210949756326	0.04269893542622538
3270.3232339770443	0.043964576243707976
3270.3253729812545	0.04526676836841659
3270.3275119882624	0.04660515998843551
3270.3296509980687	0.04797915985662915
3270.3317900106726	0.04938791463665504
3270.333929026075	0.050830287830897936
3270.336068044276	0.05230484105608724
3270.3382070652747	0.05380981840860399
3270.3403460890713	0.05534313458412543
3270.3424851156665	0.05690236727067621
3270.3446241450592	0.05848475563969191
3270.3467631772505	0.06008719621991232
3270.34890221224	0.061706259430198585
3270.3510412500273	0.06333819509447935
3270.3531802906127	0.06497895178359137
3270.3553193339967	0.06662425507351255
3270.357458380179	0.06826951573532025
3270.3595974291593	0.0699099014651886
3270.3617364809375	0.07154044174457797
3270.363875535514	0.07315603683869754
3270.366014592889	0.07475150738785352
3270.3681536530617	0.07632164687593246
3270.370292716033	0.07786127552032429
3270.3724317818023	0.07936529405438619
3270.3745708503698	0.08082873607501051
3270.376709921736	0.08224651344833933
3270.3788489959	0.08361477807657769
3270.3809880728622	0.08492886012621625
3270.383127152623	0.0861847783065347
3270.385266235182	0.0873788884494423
3270.3874053205386	0.08850790992249702
3270.389544408694	0.08956894633409329
3270.3916834996476	0.09055949983445666
3270.3938225933994	0.0914774780204316
3270.395961689949	0.09232119218865154
3270.398100789298	0.09308934554289205
3270.400239891445	0.09378104701217349
3270.40237899639	0.09439570618300686
3270.404518104133	0.09493295984891414
3270.4066572146744	0.09539272297719514
3270.408796328014	0.09577506360607568
3270.4109354441525	0.0960801258128533
3270.4130745630887	0.09630804712633034
3270.4152136848234	0.09645887780057771
3270.4173528093565	0.09653250728626717
3270.4194919366887	0.09652860384455486
3270.4216310668185	0.09644632679183096
3270.4237701997463	0.09628547929965137
3270.425909335473	0.09604450719773472
3270.4280484739975	0.09572202504952443
3270.430187615321	0.09531678587655867
3270.4323267594423	0.09482662451597912
3270.434465906362	0.09425016548805742
3270.4366050560807	0.09358599789995214
3270.4387442085977	0.09283302630937273
3270.4408833639127	0.09199061141696918
3270.4430225220262	0.09105870214129663
3270.4451616829383	0.09003795077846632
3270.4473008466484	0.08892980398806061
3270.449440013157	0.08773656394231755
3270.4515791824642	0.08646141596834367
3270.45371835457	0.08510842124309015
3270.4558575294736	0.08368247524344596
3270.457996707176	0.08218923502755326
3270.4601358876776	0.08063501965422082
3270.462275070977	0.0790266898570493
3270.464414257074	0.07737151353331773
3270.4665534459705	0.07567702394076947
3270.4686926376653	0.07395087727299443
3270.470831832158	0.07220071551469465
3270.4729710294496	0.07043451239895504
3270.47511022954	0.06865868965237254
3270.4772494324284	0.0668804674846123
3270.479388638116	0.06510631782694398
3270.4815278466012	0.0633422270873999
3270.483667057885	0.0615936547402286
3270.4858062719677	0.059865508771999365
3270.4879454888487	0.05816213615561394
3270.4900847085282	0.05648732655215838
3270.4922239310063	0.05484432670314754
3270.494363156283	0.05323586356995458
3270.496502384358	0.05166417400721446
3270.498641615232	0.0501310390612959
3270.5007808489045	0.04863782119137594
3270.502920085375	0.04718550296194335
3270.505059324644	0.04577472600174681
3270.5071985667123	0.04440582927948211
3270.5093378115785	0.0430788859585558
3270.5114770592436	0.041793738299159666
3270.5136163097072	0.040550030244347
3270.5157555629694	0.03934723746977353
3270.51789481903	0.03818469479244402
3270.5200340778897	0.03706162092459331
3270.522173339548	0.03597714062985646
3270.524312604004	0.03493030438417555
3270.5264518712593	0.03392010568768555
3270.528591141313	0.03294549618751741
3270.5307304141656	0.032005398788439554
3270.5328696898164	0.03109871893145888
3270.535008968266	0.030224354218874372
3270.5371482495143	0.029381202557882458
3270.539287533561	0.028568168991414677
3270.541426820407	0.02778417135848754
3270.5435661100514	0.027028144941403043
3270.545705402494	0.026299046202077903
3270.547844697736	0.02559585581622359
3270.549983995776	0.02491758090337859
3270.552123296615	0.0242632568148895
3270.5542626002525	0.02363194836803839
3270.5564019066887	0.023022750676866766
3270.5585412159235	0.022434789632370222
3270.5606805279576	0.021867222088921223
3270.56281984279	0.02131923580731776
3270.564959160421	0.020790049195571925
3270.5670984808507	0.020278910887160495
3270.569237804079	0.0197850991796531
3270.571377130106	0.019307921402771933
3270.573516458932	0.01884671313944941
3270.5756557905565	0.018400837448048768
3270.57779512498	0.017969684008590336
3270.5799344622023	0.017552668242977965
3270.5820738022235	0.017149230412181526
3270.584213145043	0.01675883471440165
3270.5863524906617	0.016380968356329406
3270.588491839079	0.016015140649895954
3270.5906311902945	0.015660882106143914
3270.592770544309	0.015317743543508455
3270.5949099011227	0.014985295211862537
3270.5970492607353	0.0146631259351383
3270.5991886231463	0.014350842274784115
3270.6013279883564	0.014048067715782486
3270.6034673563654	0.013754441877070533
3270.605606727173	0.013469619746505068
3270.607746100779	0.013193270494118003
3270.609885477184	0.01292507850887803
3270.612024856388	0.01266474017157937
3270.614164238391	0.012411964847393597
3270.6163036231924	0.012166473866903504
3270.618443010793	0.011927999940634981
3270.620582401192	0.011696286608808837
3270.622721794391	0.011471087729090113
3270.624861190388	0.01125216701788978
3270.627000589184	0.011039297633632206
3270.6291399907786	0.01083226175226526
3270.6312793951724	0.010630850315511031
3270.6334188023648	0.010434862689977287
3270.6355582123565	0.010244106433257238
3270.6376976251468	0.010058397077725045
3270.639837040736	0.009877557937442383
3270.6419764591246	0.009701419925300603
3270.644115880312	0.009529821371281
3270.6462553042975	0.009362607828076408
3270.6483947310826	0.009199631855798751
3270.650534160666	0.009040752778067263
3270.652673593049	0.008885836406384517
3270.654813028231	0.008734754739225026
3270.6569524662114	0.008587385605034581
3270.659091906991	0.008443612348568497
3270.6612313505693	0.008303323444990962
3270.663370796947	0.00816641215004632
3270.6655102461236	0.00803277615682374
3270.667649698099	0.007902317276296422
3270.6697891528734	0.007774941135447522
3270.671928610447	0.007650556928360364
3270.6740680708194	0.007529077175078558
3270.6762075339907	0.007410417520834156
3270.678346999961	0.007294496557361363
3270.6804864687306	0.007181235664522223
3270.6826259402987	0.007070558868384702
3270.684765414667	0.0069623927127399066
3270.686904891833	0.006856666568388792
3270.6890443717984	0.0067533107704697
3270.691183854563	0.006652259231254343
3270.6933233401264	0.0065534474939699106
3270.695462828489	0.006456813125989558
3270.6976023196507	0.006362295642498794
3270.699741813611	0.006269836434261378
3270.701881310371	0.006179378697820148
3270.70402080993	0.00609086736659048
3270.706160312288	0.006004249041738907
3270.708299817445	0.005919471921694397
3270.710439325401	0.0058364857302777295
3270.712578836156	0.005755241347320306
3270.71471834971	0.005675691880142053
3270.7168578660635	0.005597790928520752
3270.718997385216	0.005521493580020631
3270.7211369071674	0.005446756081196713
3270.723276431918	0.005373535773177673
3270.725415959468	0.0053017910339047125
3270.727555489817	0.005231481231751545
3270.7296950229647	0.005162566692437087
3270.731834558912	0.00509500868051338
3270.733974097658	0.005028769408293998
3270.7361136392037	0.00496381204632379
3270.7382531835483	0.004900100770924176
3270.740392730692	0.004837600820624677
3270.742532280635	0.004776278567935166
3270.744671833377	0.004716101599041789
3270.7468113889186	0.0046570387940638724
3270.748950947259	0.0045990603990854195
3270.751090508398	0.004542138081285896
3270.753230072337	0.004486244958604058
3270.755369639075	0.004431355490316591
3270.757509208612	0.004377445826003745
3270.7596487809487	0.004324493197565671
3270.7617883560843	0.004272476129849823
3270.7639279340187	0.004221374220666374
3270.7660675147536	0.004171167970368206
3270.7682070982864	0.004121838595104843
3270.770346684619	0.004073367833032582
3270.772486273751	0.004025737753375891
3270.7746258656816	0.003978930577585804
3270.776765460412	0.003932928521582113
3270.7789050579413	0.003887713667409587
3270.7810446582703	0.003843267872030154
3270.783184261398	0.0037995727202110308
3270.785323867326	0.0037566095166093882
3270.7874634760524	0.0037143593836745925
3270.7896030875786	0.0036728033127990667
3270.7917427019033	0.0036319223654833754
3270.793882319028	0.0035916981486560084
3270.7960219389515	0.0035521118946992836
3270.7981615616745	0.003513146495065733
3270.800301187197	0.0034747854993361083
3270.802440815519	0.003437013626834795
3270.8045804466396	0.003399816903694397
3270.8067200805604	0.003363182727402547
3270.80885971728	0.0033270998523424744
3270.810999356799	0.0032915582992484316
3270.8131389991177	0.003256549200720049
3270.815278644235	0.003222064601333785
3270.817418292152	0.0031880972344775493
3270.8195579428684	0.003154640297858946
3270.821697596384	0.003121687246504745
3270.8238372526994	0.0030892316105053386
3270.8259769118145	0.0030572668825513682
3270.8281165737285	0.003025786387090723
3270.8302562384415	0.002994783245328647
3270.8323959059544	0.002964250345990904
3270.8345355762663	0.002934180347649029
3270.836675249378	0.0029045657000549285
3270.8388149252887	0.002875398677773311
3270.840954603999	0.002846671420509095
3270.843094285509	0.0028183759758224625
3270.845233969818	0.0027905043411968755
3270.8473736569267	0.002763048503513943
3270.849513346835	0.002736000474896194
3270.8516530395423	0.002709352324366643
3270.8537927350494	0.0026830962619555088
3270.8559324333555	0.00265722441351679
3270.8580721344615	0.0026317292518821533
3270.860211838367	0.002606603309053157
3270.8623515450718	0.0025818392737598783
3270.864491254576	0.002557430001176364
3270.86663096688	0.002533368529428204
3270.8687706819833	0.002509648042923196
3270.870910399886	0.0024862619364242056
3270.8730501205882	0.0024632037705821785
3270.8751898440896	0.002440467279842151
3270.877329570391	0.0024180463676111152
3270.8794692994916	0.0023959351000676365
3270.881609031392	0.002374127699323436
3270.8837487660917	0.0023526185361653074
3270.885888503591	0.002331402122813797
3270.8880282438904	0.0023104731059729877
3270.8901679869887	0.0022898262603954223
3270.892307732887	0.002269456483010468
3270.8944474815844	0.002249358786884481
3270.8965872330814	0.0022295283000309807
3270.898726987378	0.002209960256526866
3270.900866744474	0.0021906499962019987
3270.90300650437	0.0021715929608094875
3270.905146267065	0.00215278469129343
3270.90728603256	0.002134220825315558
3270.909425800855	0.002115897094973951
3270.9115655719493	0.0020978093295972444
3270.913705345843	0.0020799534331480407
3270.915845122536	0.0020623254146990844
3270.9179849020293	0.002044921363888008
3270.9201246843218	0.002027737455088996
3270.9222644694137	0.0020107699456634043
3270.9244042573055	0.0019940151742333656
3270.926544047997	0.001977469558962386
3270.9286838414887	0.0019611295958169572
3270.930823637779	0.0019449918568124058
3270.9329634368696	0.0019290529881655916
3270.93510323876	0.0019133097084147455
3270.9372430434496	0.0018977588064388318
3270.9393828509387	0.001882397139397085
3270.9415226612277	0.0018672216281961918
3270.9436624743166	0.0018522292644989058
3270.945802290205	0.0018374170952317748
3270.947942108893	0.001822782228813713
3270.9500819303817	0.0018083218308886373
3270.952221754669	0.0017940331221683037
3270.954361581756	0.0017799133763363173
3270.956501411643	0.0017659599181167884
3270.9586412443296	0.0017521701215007512
3270.960781079816	0.00173854140811458
3270.962920918102	0.0017250712459261353
3270.965060759188	0.0017117571449731805
3270.9672006030737	0.0016985966683746856
3270.9693404497593	0.0016855874145745853
3270.9714802992444	0.001672727027857368
3270.9736201515293	0.001660013196202903
3270.9757600066137	0.0016474436480136134
3270.9778998644983	0.0016350161569149702
3270.9800397251825	0.0016227285383364487
3270.982179588666	0.001610578650261263
3270.98431945495	0.0015985643930304105
3270.986459324033	0.0015866837090460217
3270.9885991959163	0.0015749345823821148
3270.9907390706003	0.001563315038325297
3270.9928789480828	0.0015518231428981455
3270.9950188283656	0.0015404570023640485
3270.9971587114483	0.0015292147627892216
3270.9992985973304	0.001518094609627818
